Points
77 
1 	 0.000000e+00 	 2.000000e+00  
2 	 4.000000e+00 	 1.600000e+00  
3 	 1.000000e+00 	 1.200000e+00  
4 	 4.000000e+00 	 8.000000e-01  
5 	 1.000000e+00 	 4.000000e-01  
6 	 4.000000e+00 	 0.000000e+00  
7 	 1.000000e+00 	 -4.000000e-01  
8 	 4.000000e+00 	 -8.000000e-01  
9 	 1.000000e+00 	 -1.200000e+00  
10 	 4.000000e+00 	 -1.600000e+00  
11 	 0.000000e+00 	 -2.000000e+00  
12 	 -4.000000e+00 	 -2.000000e+00  
13 	 -4.000000e+00 	 2.000000e+00  
14 	 -2.000000e-01 	 -4.408728e-16  
15 	 -2.086675e-01 	 1.764309e-01  
16 	 -2.345865e-01 	 3.511626e-01  
17 	 -2.775074e-01 	 5.225124e-01  
18 	 -3.370168e-01 	 6.888302e-01  
19 	 -4.125417e-01 	 8.485141e-01  
20 	 -5.033547e-01 	 1.000026e+00  
21 	 -6.085812e-01 	 1.141908e+00  
22 	 -7.272078e-01 	 1.272792e+00  
23 	 -8.580921e-01 	 1.391419e+00  
24 	 -9.999736e-01 	 1.496645e+00  
25 	 -1.151486e+00 	 1.587458e+00  
26 	 -1.311170e+00 	 1.662983e+00  
27 	 -1.477488e+00 	 1.722493e+00  
28 	 -1.648837e+00 	 1.765414e+00  
29 	 -1.823569e+00 	 1.791333e+00  
30 	 -2.000000e+00 	 1.800000e+00  
31 	 -2.176431e+00 	 1.791333e+00  
32 	 -2.351163e+00 	 1.765414e+00  
33 	 -2.522512e+00 	 1.722493e+00  
34 	 -2.688830e+00 	 1.662983e+00  
35 	 -2.848514e+00 	 1.587458e+00  
36 	 -3.000026e+00 	 1.496645e+00  
37 	 -3.141908e+00 	 1.391419e+00  
38 	 -3.272792e+00 	 1.272792e+00  
39 	 -3.391419e+00 	 1.141908e+00  
40 	 -3.496645e+00 	 1.000026e+00  
41 	 -3.587458e+00 	 8.485141e-01  
42 	 -3.662983e+00 	 6.888302e-01  
43 	 -3.722493e+00 	 5.225124e-01  
44 	 -3.765414e+00 	 3.511626e-01  
45 	 -3.791333e+00 	 1.764309e-01  
46 	 -3.800000e+00 	 2.204364e-16  
47 	 -3.791333e+00 	 -1.764309e-01  
48 	 -3.765414e+00 	 -3.511626e-01  
49 	 -3.722493e+00 	 -5.225124e-01  
50 	 -3.662983e+00 	 -6.888302e-01  
51 	 -3.587458e+00 	 -8.485141e-01  
52 	 -3.496645e+00 	 -1.000026e+00  
53 	 -3.391419e+00 	 -1.141908e+00  
54 	 -3.272792e+00 	 -1.272792e+00  
55 	 -3.141908e+00 	 -1.391419e+00  
56 	 -3.000026e+00 	 -1.496645e+00  
57 	 -2.848514e+00 	 -1.587458e+00  
58 	 -2.688830e+00 	 -1.662983e+00  
59 	 -2.522512e+00 	 -1.722493e+00  
60 	 -2.351163e+00 	 -1.765414e+00  
61 	 -2.176431e+00 	 -1.791333e+00  
62 	 -2.000000e+00 	 -1.800000e+00  
63 	 -1.823569e+00 	 -1.791333e+00  
64 	 -1.648837e+00 	 -1.765414e+00  
65 	 -1.477488e+00 	 -1.722493e+00  
66 	 -1.311170e+00 	 -1.662983e+00  
67 	 -1.151486e+00 	 -1.587458e+00  
68 	 -9.999736e-01 	 -1.496645e+00  
69 	 -8.580921e-01 	 -1.391419e+00  
70 	 -7.272078e-01 	 -1.272792e+00  
71 	 -6.085812e-01 	 -1.141908e+00  
72 	 -5.033547e-01 	 -1.000026e+00  
73 	 -4.125417e-01 	 -8.485141e-01  
74 	 -3.370168e-01 	 -6.888302e-01  
75 	 -2.775074e-01 	 -5.225124e-01  
76 	 -2.345865e-01 	 -3.511626e-01  
77 	 -2.086675e-01 	 -1.764309e-01  
Triangles
77 
1 	 1 	 0 	 2 	 
2 	 4 	 3 	 2 	 
3 	 0 	 18 	 2 	 
4 	 6 	 5 	 4 	 
5 	 2 	 16 	 4 	 
6 	 8 	 7 	 6 	 
7 	 4 	 13 	 6 	 
8 	 10 	 9 	 8 	 
9 	 4 	 14 	 13 	 
10 	 4 	 15 	 14 	 
11 	 4 	 16 	 15 	 
12 	 2 	 17 	 16 	 
13 	 2 	 18 	 17 	 
14 	 0 	 19 	 18 	 
15 	 0 	 20 	 19 	 
16 	 0 	 21 	 20 	 
17 	 0 	 22 	 21 	 
18 	 0 	 23 	 22 	 
19 	 0 	 24 	 23 	 
20 	 0 	 25 	 24 	 
21 	 0 	 26 	 25 	 
22 	 0 	 27 	 26 	 
23 	 45 	 12 	 11 	 
24 	 0 	 28 	 27 	 
25 	 0 	 12 	 29 	 
26 	 28 	 0 	 29 	 
27 	 29 	 12 	 30 	 
28 	 30 	 12 	 31 	 
29 	 31 	 12 	 32 	 
30 	 32 	 12 	 33 	 
31 	 33 	 12 	 34 	 
32 	 34 	 12 	 35 	 
33 	 35 	 12 	 36 	 
34 	 36 	 12 	 37 	 
35 	 37 	 12 	 38 	 
36 	 38 	 12 	 39 	 
37 	 39 	 12 	 40 	 
38 	 40 	 12 	 41 	 
39 	 41 	 12 	 42 	 
40 	 42 	 12 	 43 	 
41 	 45 	 44 	 12 	 
42 	 43 	 12 	 44 	 
43 	 46 	 45 	 11 	 
44 	 47 	 46 	 11 	 
45 	 48 	 47 	 11 	 
46 	 49 	 48 	 11 	 
47 	 50 	 49 	 11 	 
48 	 51 	 50 	 11 	 
49 	 52 	 51 	 11 	 
50 	 53 	 52 	 11 	 
51 	 54 	 53 	 11 	 
52 	 55 	 54 	 11 	 
53 	 56 	 55 	 11 	 
54 	 57 	 56 	 11 	 
55 	 58 	 57 	 11 	 
56 	 59 	 58 	 11 	 
57 	 60 	 59 	 11 	 
58 	 10 	 61 	 11 	 
59 	 11 	 61 	 60 	 
60 	 10 	 62 	 61 	 
61 	 10 	 63 	 62 	 
62 	 10 	 64 	 63 	 
63 	 10 	 65 	 64 	 
64 	 10 	 66 	 65 	 
65 	 10 	 67 	 66 	 
66 	 10 	 68 	 67 	 
67 	 10 	 8 	 72 	 
68 	 10 	 69 	 68 	 
69 	 10 	 70 	 69 	 
70 	 8 	 6 	 74 	 
71 	 10 	 71 	 70 	 
72 	 10 	 72 	 71 	 
73 	 8 	 73 	 72 	 
74 	 8 	 74 	 73 	 
75 	 6 	 75 	 74 	 
76 	 6 	 76 	 75 	 
77 	 6 	 13 	 76 	 
