Points
132 
1 	 -4.000000e+00 	 -2.000000e+00  
2 	 -4.000000e+00 	 2.000000e+00  
3 	 4.000000e+00 	 2.000000e+00  
4 	 4.000000e+00 	 -2.000000e+00  
5 	 -6.000000e-01 	 -3.429011e-16  
6 	 -6.067414e-01 	 1.372240e-01  
7 	 -6.269006e-01 	 2.731265e-01  
8 	 -6.602835e-01 	 4.063985e-01  
9 	 -7.065687e-01 	 5.357568e-01  
10 	 -7.653102e-01 	 6.599554e-01  
11 	 -8.359425e-01 	 7.777983e-01  
12 	 -9.177854e-01 	 8.881506e-01  
13 	 -1.010051e+00 	 9.899495e-01  
14 	 -1.111849e+00 	 1.082215e+00  
15 	 -1.222202e+00 	 1.164057e+00  
16 	 -1.340045e+00 	 1.234690e+00  
17 	 -1.464243e+00 	 1.293431e+00  
18 	 -1.593601e+00 	 1.339716e+00  
19 	 -1.726874e+00 	 1.373099e+00  
20 	 -1.862776e+00 	 1.393259e+00  
21 	 -2.000000e+00 	 1.400000e+00  
22 	 -2.137224e+00 	 1.393259e+00  
23 	 -2.273126e+00 	 1.373099e+00  
24 	 -2.406399e+00 	 1.339716e+00  
25 	 -2.535757e+00 	 1.293431e+00  
26 	 -2.659955e+00 	 1.234690e+00  
27 	 -2.777798e+00 	 1.164057e+00  
28 	 -2.888151e+00 	 1.082215e+00  
29 	 -2.989949e+00 	 9.899495e-01  
30 	 -3.082215e+00 	 8.881506e-01  
31 	 -3.164057e+00 	 7.777983e-01  
32 	 -3.234690e+00 	 6.599554e-01  
33 	 -3.293431e+00 	 5.357568e-01  
34 	 -3.339716e+00 	 4.063985e-01  
35 	 -3.373099e+00 	 2.731265e-01  
36 	 -3.393259e+00 	 1.372240e-01  
37 	 -3.400000e+00 	 1.714506e-16  
38 	 -3.393259e+00 	 -1.372240e-01  
39 	 -3.373099e+00 	 -2.731265e-01  
40 	 -3.339716e+00 	 -4.063985e-01  
41 	 -3.293431e+00 	 -5.357568e-01  
42 	 -3.234690e+00 	 -6.599554e-01  
43 	 -3.164057e+00 	 -7.777983e-01  
44 	 -3.082215e+00 	 -8.881506e-01  
45 	 -2.989949e+00 	 -9.899495e-01  
46 	 -2.888151e+00 	 -1.082215e+00  
47 	 -2.777798e+00 	 -1.164057e+00  
48 	 -2.659955e+00 	 -1.234690e+00  
49 	 -2.535757e+00 	 -1.293431e+00  
50 	 -2.406399e+00 	 -1.339716e+00  
51 	 -2.273126e+00 	 -1.373099e+00  
52 	 -2.137224e+00 	 -1.393259e+00  
53 	 -2.000000e+00 	 -1.400000e+00  
54 	 -1.862776e+00 	 -1.393259e+00  
55 	 -1.726874e+00 	 -1.373099e+00  
56 	 -1.593601e+00 	 -1.339716e+00  
57 	 -1.464243e+00 	 -1.293431e+00  
58 	 -1.340045e+00 	 -1.234690e+00  
59 	 -1.222202e+00 	 -1.164057e+00  
60 	 -1.111849e+00 	 -1.082215e+00  
61 	 -1.010051e+00 	 -9.899495e-01  
62 	 -9.177854e-01 	 -8.881506e-01  
63 	 -8.359425e-01 	 -7.777983e-01  
64 	 -7.653102e-01 	 -6.599554e-01  
65 	 -7.065687e-01 	 -5.357568e-01  
66 	 -6.602835e-01 	 -4.063985e-01  
67 	 -6.269006e-01 	 -2.731265e-01  
68 	 -6.067414e-01 	 -1.372240e-01  
69 	 3.800000e+00 	 -4.408728e-16  
70 	 3.791333e+00 	 1.764309e-01  
71 	 3.765414e+00 	 3.511626e-01  
72 	 3.722493e+00 	 5.225124e-01  
73 	 3.662983e+00 	 6.888302e-01  
74 	 3.587458e+00 	 8.485141e-01  
75 	 3.496645e+00 	 1.000026e+00  
76 	 3.391419e+00 	 1.141908e+00  
77 	 3.272792e+00 	 1.272792e+00  
78 	 3.141908e+00 	 1.391419e+00  
79 	 3.000026e+00 	 1.496645e+00  
80 	 2.848514e+00 	 1.587458e+00  
81 	 2.688830e+00 	 1.662983e+00  
82 	 2.522512e+00 	 1.722493e+00  
83 	 2.351163e+00 	 1.765414e+00  
84 	 2.176431e+00 	 1.791333e+00  
85 	 2.000000e+00 	 1.800000e+00  
86 	 1.823569e+00 	 1.791333e+00  
87 	 1.648837e+00 	 1.765414e+00  
88 	 1.477488e+00 	 1.722493e+00  
89 	 1.311170e+00 	 1.662983e+00  
90 	 1.151486e+00 	 1.587458e+00  
91 	 9.999736e-01 	 1.496645e+00  
92 	 8.580921e-01 	 1.391419e+00  
93 	 7.272078e-01 	 1.272792e+00  
94 	 6.085812e-01 	 1.141908e+00  
95 	 5.033547e-01 	 1.000026e+00  
96 	 4.125417e-01 	 8.485141e-01  
97 	 3.370168e-01 	 6.888302e-01  
98 	 2.775074e-01 	 5.225124e-01  
99 	 2.345865e-01 	 3.511626e-01  
100 	 2.086675e-01 	 1.764309e-01  
101 	 2.000000e-01 	 2.204364e-16  
102 	 2.086675e-01 	 -1.764309e-01  
103 	 2.345865e-01 	 -3.511626e-01  
104 	 2.775074e-01 	 -5.225124e-01  
105 	 3.370168e-01 	 -6.888302e-01  
106 	 4.125417e-01 	 -8.485141e-01  
107 	 5.033547e-01 	 -1.000026e+00  
108 	 6.085812e-01 	 -1.141908e+00  
109 	 7.272078e-01 	 -1.272792e+00  
110 	 8.580921e-01 	 -1.391419e+00  
111 	 9.999736e-01 	 -1.496645e+00  
112 	 1.151486e+00 	 -1.587458e+00  
113 	 1.311170e+00 	 -1.662983e+00  
114 	 1.477488e+00 	 -1.722493e+00  
115 	 1.648837e+00 	 -1.765414e+00  
116 	 1.823569e+00 	 -1.791333e+00  
117 	 2.000000e+00 	 -1.800000e+00  
118 	 2.176431e+00 	 -1.791333e+00  
119 	 2.351163e+00 	 -1.765414e+00  
120 	 2.522512e+00 	 -1.722493e+00  
121 	 2.688830e+00 	 -1.662983e+00  
122 	 2.848514e+00 	 -1.587458e+00  
123 	 3.000026e+00 	 -1.496645e+00  
124 	 3.141908e+00 	 -1.391419e+00  
125 	 3.272792e+00 	 -1.272792e+00  
126 	 3.391419e+00 	 -1.141908e+00  
127 	 3.496645e+00 	 -1.000026e+00  
128 	 3.587458e+00 	 -8.485141e-01  
129 	 3.662983e+00 	 -6.888302e-01  
130 	 3.722493e+00 	 -5.225124e-01  
131 	 3.765414e+00 	 -3.511626e-01  
132 	 3.791333e+00 	 -1.764309e-01  
Triangles
134 
1 	 93 	 92 	 13 	 
2 	 94 	 12 	 11 	 
3 	 90 	 89 	 16 	 
4 	 14 	 91 	 15 	 
5 	 1 	 20 	 19 	 
6 	 1 	 21 	 20 	 
7 	 1 	 22 	 21 	 
8 	 1 	 23 	 22 	 
9 	 1 	 24 	 23 	 
10 	 1 	 25 	 24 	 
11 	 1 	 26 	 25 	 
12 	 1 	 27 	 26 	 
13 	 1 	 28 	 27 	 
14 	 1 	 29 	 28 	 
15 	 1 	 30 	 29 	 
16 	 1 	 31 	 30 	 
17 	 1 	 32 	 31 	 
18 	 115 	 0 	 3 	 
19 	 1 	 33 	 32 	 
20 	 1 	 0 	 36 	 
21 	 33 	 1 	 34 	 
22 	 34 	 1 	 35 	 
23 	 35 	 1 	 36 	 
24 	 36 	 0 	 37 	 
25 	 37 	 0 	 38 	 
26 	 38 	 0 	 39 	 
27 	 39 	 0 	 40 	 
28 	 40 	 0 	 41 	 
29 	 41 	 0 	 42 	 
30 	 42 	 0 	 43 	 
31 	 43 	 0 	 44 	 
32 	 44 	 0 	 45 	 
33 	 45 	 0 	 46 	 
34 	 46 	 0 	 47 	 
35 	 47 	 0 	 48 	 
36 	 48 	 0 	 49 	 
37 	 49 	 0 	 50 	 
38 	 52 	 51 	 0 	 
39 	 50 	 0 	 51 	 
40 	 53 	 52 	 0 	 
41 	 113 	 53 	 0 	 
42 	 113 	 54 	 53 	 
43 	 112 	 55 	 54 	 
44 	 111 	 56 	 55 	 
45 	 110 	 57 	 56 	 
46 	 109 	 58 	 57 	 
47 	 108 	 59 	 58 	 
48 	 107 	 60 	 59 	 
49 	 106 	 61 	 60 	 
50 	 105 	 62 	 61 	 
51 	 105 	 63 	 62 	 
52 	 104 	 64 	 63 	 
53 	 94 	 93 	 12 	 
54 	 2 	 68 	 3 	 
55 	 2 	 69 	 68 	 
56 	 2 	 70 	 69 	 
57 	 2 	 71 	 70 	 
58 	 2 	 72 	 71 	 
59 	 2 	 73 	 72 	 
60 	 2 	 74 	 73 	 
61 	 2 	 75 	 74 	 
62 	 2 	 76 	 75 	 
63 	 2 	 77 	 76 	 
64 	 2 	 78 	 77 	 
65 	 100 	 5 	 4 	 
66 	 2 	 79 	 78 	 
67 	 88 	 87 	 18 	 
68 	 2 	 80 	 79 	 
69 	 14 	 13 	 92 	 
70 	 2 	 81 	 80 	 
71 	 89 	 17 	 16 	 
72 	 2 	 82 	 81 	 
73 	 18 	 17 	 88 	 
74 	 2 	 83 	 82 	 
75 	 87 	 1 	 19 	 
76 	 2 	 84 	 83 	 
77 	 2 	 1 	 85 	 
78 	 18 	 87 	 19 	 
79 	 84 	 2 	 85 	 
80 	 15 	 90 	 16 	 
81 	 85 	 1 	 86 	 
82 	 1 	 87 	 86 	 
83 	 13 	 12 	 93 	 
84 	 10 	 95 	 11 	 
85 	 96 	 9 	 8 	 
86 	 17 	 89 	 88 	 
87 	 10 	 9 	 95 	 
88 	 7 	 97 	 8 	 
89 	 99 	 6 	 5 	 
90 	 15 	 91 	 90 	 
91 	 7 	 6 	 98 	 
92 	 67 	 100 	 4 	 
93 	 91 	 14 	 92 	 
94 	 66 	 101 	 67 	 
95 	 66 	 65 	 102 	 
96 	 95 	 94 	 11 	 
97 	 96 	 95 	 9 	 
98 	 64 	 103 	 65 	 
99 	 96 	 8 	 97 	 
100 	 97 	 7 	 98 	 
101 	 98 	 6 	 99 	 
102 	 99 	 5 	 100 	 
103 	 100 	 67 	 101 	 
104 	 101 	 66 	 102 	 
105 	 102 	 65 	 103 	 
106 	 103 	 64 	 104 	 
107 	 104 	 63 	 105 	 
108 	 105 	 61 	 106 	 
109 	 106 	 60 	 107 	 
110 	 107 	 59 	 108 	 
111 	 108 	 58 	 109 	 
112 	 109 	 57 	 110 	 
113 	 110 	 56 	 111 	 
114 	 111 	 55 	 112 	 
115 	 112 	 54 	 113 	 
116 	 113 	 0 	 114 	 
117 	 116 	 115 	 3 	 
118 	 114 	 0 	 115 	 
119 	 117 	 116 	 3 	 
120 	 118 	 117 	 3 	 
121 	 119 	 118 	 3 	 
122 	 120 	 119 	 3 	 
123 	 121 	 120 	 3 	 
124 	 122 	 121 	 3 	 
125 	 123 	 122 	 3 	 
126 	 124 	 123 	 3 	 
127 	 125 	 124 	 3 	 
128 	 126 	 125 	 3 	 
129 	 127 	 126 	 3 	 
130 	 128 	 127 	 3 	 
131 	 129 	 128 	 3 	 
132 	 130 	 129 	 3 	 
133 	 131 	 130 	 3 	 
134 	 68 	 131 	 3 	 
