Points
10 
1 	 -5.000000e-01 	 5.000000e-01  
2 	 -3.000000e-01 	 -4.000000e-01  
3 	 -1.000000e-01 	 -4.000000e-01  
4 	 -4.800000e-01 	 5.000000e-01  
5 	 4.800000e-01 	 5.000000e-01  
6 	 1.000000e-01 	 -4.000000e-01  
7 	 3.000000e-01 	 -4.000000e-01  
8 	 5.000000e-01 	 5.000000e-01  
9 	 5.000000e-01 	 -5.000000e-01  
10 	 -5.000000e-01 	 -5.000000e-01  
Triangles
8 
1 	 5 	 3 	 2 	 
2 	 5 	 4 	 3 	 
3 	 1 	 9 	 2 	 
4 	 2 	 9 	 5 	 
5 	 8 	 7 	 6 	 
6 	 5 	 8 	 6 	 
7 	 5 	 9 	 8 	 
8 	 1 	 0 	 9 	 
