Points
24 
1 	 3.000000e-01 	 1.000000e+00  
2 	 3.209057e-01 	 9.989044e-01  
3 	 3.415823e-01 	 9.956295e-01  
4 	 3.618034e-01 	 9.902113e-01  
5 	 3.813473e-01 	 9.827091e-01  
6 	 4.000000e-01 	 9.732051e-01  
7 	 4.175571e-01 	 9.618034e-01  
8 	 4.338261e-01 	 9.486290e-01  
9 	 4.486290e-01 	 9.338261e-01  
10 	 4.618034e-01 	 9.175571e-01  
11 	 4.732051e-01 	 9.000000e-01  
12 	 4.827091e-01 	 8.813473e-01  
13 	 4.902113e-01 	 8.618034e-01  
14 	 4.956295e-01 	 8.415823e-01  
15 	 4.989044e-01 	 8.209057e-01  
16 	 5.000000e-01 	 8.000000e-01  
17 	 5.000000e-01 	 5.000000e-01  
18 	 2.000000e-01 	 2.000000e-01  
19 	 6.000000e-01 	 2.000000e-01  
20 	 6.000000e-01 	 1.000000e+00  
21 	 1.000000e+00 	 1.000000e+00  
22 	 1.000000e+00 	 0.000000e+00  
23 	 0.000000e+00 	 0.000000e+00  
24 	 0.000000e+00 	 1.000000e+00  
Triangles
22 
1 	 1 	 0 	 3 	 
2 	 1 	 3 	 2 	 
3 	 0 	 5 	 3 	 
4 	 3 	 5 	 4 	 
5 	 0 	 11 	 5 	 
6 	 5 	 7 	 6 	 
7 	 5 	 8 	 7 	 
8 	 5 	 11 	 8 	 
9 	 8 	 10 	 9 	 
10 	 8 	 11 	 10 	 
11 	 0 	 14 	 11 	 
12 	 11 	 13 	 12 	 
13 	 11 	 14 	 13 	 
14 	 0 	 15 	 14 	 
15 	 0 	 16 	 15 	 
16 	 0 	 23 	 16 	 
17 	 18 	 17 	 22 	 
18 	 18 	 22 	 21 	 
19 	 17 	 16 	 23 	 
20 	 17 	 23 	 22 	 
21 	 19 	 18 	 20 	 
22 	 20 	 18 	 21 	 
